
 PRINT S    NODAL SOLUTION PER NODE
 
  ***** POST1 NODAL STRESS LISTING *****                                       
  PowerGraphics Is Currently Enabled                                           
 
  LOAD STEP=     1  SUBSTEP=    20                                             
   TIME=    1.0000      LOAD CASE=   0                                         
  NODAL RESULTS ARE FOR MATERIAL   1                                           
 
  THE FOLLOWING X,Y,Z VALUES ARE IN GLOBAL COORDINATES                         
 
    NODE     SX           SY           SZ           SXY          SYZ          SXZ     
    6211 -0.18663E+006 0.10999E+008 0.18801E+008 0.15968E+006  0.0000       0.0000     
    6271 -0.14862E+008-0.12988E+009-0.14863E+008 -1.0298       0.0000       0.0000     
    6272 -0.10567E+006 0.98894E+007 0.18858E+008 0.13877E+006  0.0000       0.0000     
    6273 -0.25101E+006 0.84281E+007 0.18537E+008 0.14100E+006  0.0000       0.0000     
    6274 -0.38900E+006 0.69716E+007 0.18219E+008 0.14286E+006  0.0000       0.0000     
    6275 -0.53065E+006 0.55225E+007 0.17901E+008 0.14458E+006  0.0000       0.0000     
    6276 -0.67493E+006 0.40789E+007 0.17584E+008 0.14647E+006  0.0000       0.0000     
    6277 -0.82135E+006 0.26396E+007 0.17267E+008 0.14820E+006  0.0000       0.0000     
    6278 -0.96892E+006 0.12031E+007 0.16950E+008 0.14985E+006  0.0000       0.0000     
    6279 -0.11165E+007-0.23240E+006 0.16633E+008 0.15138E+006  0.0000       0.0000     
    6280 -0.12630E+007-0.16685E+007 0.16316E+008 0.15278E+006  0.0000       0.0000     
    6281 -0.14072E+007-0.31070E+007 0.15998E+008 0.15406E+006  0.0000       0.0000     
    6282 -0.15479E+007-0.45494E+007 0.15679E+008 0.15522E+006  0.0000       0.0000     
    6283 -0.16843E+007-0.59972E+007 0.15360E+008 0.15627E+006  0.0000       0.0000     
    6284 -0.18153E+007-0.74518E+007 0.15040E+008 0.15723E+006  0.0000       0.0000     
    6285 -0.19403E+007-0.89140E+007 0.14718E+008 0.15811E+006  0.0000       0.0000     
    6286 -0.20587E+007-0.10385E+008 0.14396E+008 0.15893E+006  0.0000       0.0000     
    6287 -0.21702E+007-0.11864E+008 0.14071E+008 0.15972E+006  0.0000       0.0000     
    6288 -0.22747E+007-0.13353E+008 0.13746E+008 0.16049E+006  0.0000       0.0000     
    6289 -0.23721E+007-0.14851E+008 0.13419E+008 0.16126E+006  0.0000       0.0000     
    6290 -0.24627E+007-0.16357E+008 0.13090E+008 0.16206E+006  0.0000       0.0000     
    6291 -0.25470E+007-0.17871E+008 0.12759E+008 0.16290E+006  0.0000       0.0000     
    6292 -0.26255E+007-0.19391E+008 0.12427E+008 0.16380E+006  0.0000       0.0000     
    6293 -0.26989E+007-0.20918E+008 0.12094E+008 0.16477E+006  0.0000       0.0000     
    6294 -0.27680E+007-0.22449E+008 0.11759E+008 0.16582E+006  0.0000       0.0000     
    6295 -0.28339E+007-0.23982E+008 0.11422E+008 0.16696E+006  0.0000       0.0000     
    6296 -0.28974E+007-0.25517E+008 0.11085E+008 0.16820E+006  0.0000       0.0000     
    6297 -0.29597E+007-0.27051E+008 0.10746E+008 0.16954E+006  0.0000       0.0000     
    6298 -0.30218E+007-0.28583E+008 0.10406E+008 0.17097E+006  0.0000       0.0000     
    6299 -0.30847E+007-0.30111E+008 0.10065E+008 0.17249E+006  0.0000       0.0000     
    6300 -0.31494E+007-0.31633E+008 0.97241E+007 0.17409E+006  0.0000       0.0000     
    6301 -0.32169E+007-0.33148E+008 0.93825E+007 0.17576E+006  0.0000       0.0000     
    6302 -0.32882E+007-0.34653E+008 0.90407E+007 0.17750E+006  0.0000       0.0000     
    6303 -0.33639E+007-0.36148E+008 0.86990E+007 0.17928E+006  0.0000       0.0000     
    6304 -0.34449E+007-0.37632E+008 0.83574E+007 0.18109E+006  0.0000       0.0000     
    6305 -0.35316E+007-0.39102E+008 0.80163E+007 0.18291E+006  0.0000       0.0000     
    6306 -0.36246E+007-0.40558E+008 0.76759E+007 0.18473E+006  0.0000       0.0000     
    6307 -0.37243E+007-0.41999E+008 0.73363E+007 0.18653E+006  0.0000       0.0000     
    6308 -0.38309E+007-0.43425E+008 0.69978E+007 0.18829E+006  0.0000       0.0000     
    6309 -0.39445E+007-0.44834E+008 0.66605E+007 0.19000E+006  0.0000       0.0000     
    6310 -0.40652E+007-0.46227E+008 0.63246E+007 0.19164E+006  0.0000       0.0000     
    6311 -0.41928E+007-0.47603E+008 0.59903E+007 0.19319E+006  0.0000       0.0000     
    6312 -0.43273E+007-0.48962E+008 0.56577E+007 0.19465E+006  0.0000       0.0000     
    6313 -0.44684E+007-0.50304E+008 0.53269E+007 0.19601E+006  0.0000       0.0000     
    6314 -0.46157E+007-0.51630E+008 0.49981E+007 0.19725E+006  0.0000       0.0000     
    6315 -0.47688E+007-0.52939E+008 0.46715E+007 0.19836E+006  0.0000       0.0000     
    6316 -0.49274E+007-0.54232E+008 0.43470E+007 0.19934E+006  0.0000       0.0000     
    6317 -0.50908E+007-0.55510E+008 0.40248E+007 0.20019E+006  0.0000       0.0000     
    6318 -0.52586E+007-0.56772E+008 0.37049E+007 0.20090E+006  0.0000       0.0000     
    6319 -0.54302E+007-0.58020E+008 0.33874E+007 0.20147E+006  0.0000       0.0000     
    6320 -0.56050E+007-0.59254E+008 0.30724E+007 0.20190E+006  0.0000       0.0000     
    6321 -0.57825E+007-0.60475E+008 0.27599E+007 0.20218E+006  0.0000       0.0000     
    6322 -0.59620E+007-0.61684E+008 0.24500E+007 0.20233E+006  0.0000       0.0000     
    6323 -0.61430E+007-0.62880E+008 0.21426E+007 0.20235E+006  0.0000       0.0000     
    6324 -0.63250E+007-0.64065E+008 0.18377E+007 0.20223E+006  0.0000       0.0000     
    6325 -0.65074E+007-0.65239E+008 0.15354E+007 0.20199E+006  0.0000       0.0000     
    6326 -0.66896E+007-0.66403E+008 0.12357E+007 0.20163E+006  0.0000       0.0000     
    6327 -0.68712E+007-0.67558E+008 0.93862E+006 0.20115E+006  0.0000       0.0000     
    6328 -0.70518E+007-0.68704E+008 0.64405E+006 0.20057E+006  0.0000       0.0000     
    6329 -0.72309E+007-0.69841E+008 0.35203E+006 0.19988E+006  0.0000       0.0000     
    6330 -0.74082E+007-0.70970E+008  62540.      0.19910E+006  0.0000       0.0000     
    6331 -0.75832E+007-0.72091E+008-0.22443E+006 0.19823E+006  0.0000       0.0000     
    6332 -0.77557E+007-0.73205E+008-0.50890E+006 0.19728E+006  0.0000       0.0000     
    6333 -0.79254E+007-0.74312E+008-0.79090E+006 0.19626E+006  0.0000       0.0000     
    6334 -0.80921E+007-0.75412E+008-0.10704E+007 0.19517E+006  0.0000       0.0000     
    6335 -0.82555E+007-0.76506E+008-0.13475E+007 0.19401E+006  0.0000       0.0000     
    6336 -0.84156E+007-0.77593E+008-0.16222E+007 0.19280E+006  0.0000       0.0000     
    6337 -0.85721E+007-0.78674E+008-0.18945E+007 0.19155E+006  0.0000       0.0000     
    6338 -0.87250E+007-0.79748E+008-0.21644E+007 0.19025E+006  0.0000       0.0000     
    6339 -0.88743E+007-0.80817E+008-0.24319E+007 0.18891E+006  0.0000       0.0000       
    6340 -0.90198E+007-0.81879E+008-0.26971E+007 0.18754E+006  0.0000       0.0000     
    6341 -0.91616E+007-0.82934E+008-0.29600E+007 0.18614E+006  0.0000       0.0000     
    6342 -0.92998E+007-0.83983E+008-0.32205E+007 0.18471E+006  0.0000       0.0000     
    6343 -0.94342E+007-0.85025E+008-0.34786E+007 0.18327E+006  0.0000       0.0000     
    6344 -0.95651E+007-0.86061E+008-0.37345E+007 0.18180E+006  0.0000       0.0000     
    6345 -0.96925E+007-0.87089E+008-0.39880E+007 0.18033E+006  0.0000       0.0000     
    6346 -0.98165E+007-0.88110E+008-0.42392E+007 0.17884E+006  0.0000       0.0000     
    6347 -0.99372E+007-0.89124E+008-0.44881E+007 0.17734E+006  0.0000       0.0000     
    6348 -0.10055E+008-0.90129E+008-0.47346E+007 0.17583E+006  0.0000       0.0000     
    6349 -0.10169E+008-0.91126E+008-0.49788E+007 0.17432E+006  0.0000       0.0000     
    6350 -0.10281E+008-0.92115E+008-0.52207E+007 0.17280E+006  0.0000       0.0000     
    6351 -0.10390E+008-0.93096E+008-0.54601E+007 0.17128E+006  0.0000       0.0000     
    6352 -0.10496E+008-0.94067E+008-0.56972E+007 0.16975E+006  0.0000       0.0000     
    6353 -0.10600E+008-0.95028E+008-0.59319E+007 0.16822E+006  0.0000       0.0000     
    6354 -0.10702E+008-0.95980E+008-0.61641E+007 0.16669E+006  0.0000       0.0000     
    6355 -0.10801E+008-0.96921E+008-0.63939E+007 0.16515E+006  0.0000       0.0000     
    6356 -0.10899E+008-0.97853E+008-0.66213E+007 0.16360E+006  0.0000       0.0000     
    6357 -0.10995E+008-0.98773E+008-0.68461E+007 0.16205E+006  0.0000       0.0000     
    6358 -0.11089E+008-0.99683E+008-0.70684E+007 0.16048E+006  0.0000       0.0000     
    6359 -0.11181E+008-0.10058E+009-0.72881E+007 0.15891E+006  0.0000       0.0000     
    6360 -0.11273E+008-0.10147E+009-0.75053E+007 0.15733E+006  0.0000       0.0000     
    6361 -0.11363E+008-0.10234E+009-0.77198E+007 0.15573E+006  0.0000       0.0000     
    6362 -0.11451E+008-0.10320E+009-0.79317E+007 0.15412E+006  0.0000       0.0000     
    6363 -0.11539E+008-0.10405E+009-0.81409E+007 0.15250E+006  0.0000       0.0000     
    6364 -0.11626E+008-0.10489E+009-0.83475E+007 0.15085E+006  0.0000       0.0000     
    6365 -0.11712E+008-0.10571E+009-0.85512E+007 0.14919E+006  0.0000       0.0000     
    6366 -0.11797E+008-0.10653E+009-0.87522E+007 0.14750E+006  0.0000       0.0000     
    6367 -0.11881E+008-0.10732E+009-0.89504E+007 0.14580E+006  0.0000       0.0000     
    6368 -0.11964E+008-0.10811E+009-0.91457E+007 0.14406E+006  0.0000       0.0000     
    6369 -0.12047E+008-0.10888E+009-0.93382E+007 0.14230E+006  0.0000       0.0000     
    6370 -0.12129E+008-0.10964E+009-0.95277E+007 0.14052E+006  0.0000       0.0000     
    6371 -0.12211E+008-0.11038E+009-0.97144E+007 0.13870E+006  0.0000       0.0000     
    6372 -0.12292E+008-0.11111E+009-0.98980E+007 0.13685E+006  0.0000       0.0000     
    6373 -0.12372E+008-0.11182E+009-0.10079E+008 0.13497E+006  0.0000       0.0000     
    6374 -0.12452E+008-0.11253E+009-0.10256E+008 0.13306E+006  0.0000       0.0000     
    6375 -0.12531E+008-0.11321E+009-0.10431E+008 0.13112E+006  0.0000       0.0000     
    6376 -0.12610E+008-0.11389E+009-0.10602E+008 0.12914E+006  0.0000       0.0000     
    6377 -0.12688E+008-0.11455E+009-0.10771E+008 0.12713E+006  0.0000       0.0000     
    6378 -0.12765E+008-0.11519E+009-0.10936E+008 0.12508E+006  0.0000       0.0000     
    6379 -0.12841E+008-0.11582E+009-0.11098E+008 0.12300E+006  0.0000       0.0000     
    6380 -0.12917E+008-0.11644E+009-0.11257E+008 0.12089E+006  0.0000       0.0000     
    6381 -0.12992E+008-0.11704E+009-0.11413E+008 0.11874E+006  0.0000       0.0000     
    6382 -0.13066E+008-0.11763E+009-0.11565E+008 0.11655E+006  0.0000       0.0000     
    6383 -0.13139E+008-0.11820E+009-0.11714E+008 0.11433E+006  0.0000       0.0000     
    6384 -0.13211E+008-0.11876E+009-0.11860E+008 0.11208E+006  0.0000       0.0000     
    6385 -0.13283E+008-0.11930E+009-0.12003E+008 0.10980E+006  0.0000       0.0000     
    6386 -0.13353E+008-0.11983E+009-0.12142E+008 0.10748E+006  0.0000       0.0000     
    6387 -0.13422E+008-0.12035E+009-0.12278E+008 0.10513E+006  0.0000       0.0000     
    6388 -0.13490E+008-0.12085E+009-0.12411E+008 0.10275E+006  0.0000       0.0000     
    6389 -0.13557E+008-0.12134E+009-0.12540E+008 0.10033E+006  0.0000       0.0000     
    6390 -0.13623E+008-0.12182E+009-0.12666E+008  97892.       0.0000       0.0000     
    6391 -0.13687E+008-0.12228E+009-0.12788E+008  95422.       0.0000       0.0000     
    6392 -0.13750E+008-0.12272E+009-0.12907E+008  92924.       0.0000       0.0000     
    6393 -0.13812E+008-0.12316E+009-0.13023E+008  90399.       0.0000       0.0000     
    6394 -0.13872E+008-0.12358E+009-0.13135E+008  87848.       0.0000       0.0000     
    6395 -0.13931E+008-0.12398E+009-0.13244E+008  85271.       0.0000       0.0000     
    6396 -0.13989E+008-0.12437E+009-0.13349E+008  82670.       0.0000       0.0000     
    6397 -0.14045E+008-0.12475E+009-0.13451E+008  80046.       0.0000       0.0000     
    6398 -0.14099E+008-0.12511E+009-0.13549E+008  77398.       0.0000       0.0000     
    6399 -0.14152E+008-0.12546E+009-0.13644E+008  74728.       0.0000       0.0000     
    6400 -0.14203E+008-0.12580E+009-0.13735E+008  72038.       0.0000       0.0000     
    6401 -0.14253E+008-0.12612E+009-0.13823E+008  69326.       0.0000       0.0000     
    6402 -0.14300E+008-0.12643E+009-0.13908E+008  66595.       0.0000       0.0000     
    6403 -0.14346E+008-0.12673E+009-0.13988E+008  63845.       0.0000       0.0000     
    6404 -0.14391E+008-0.12701E+009-0.14066E+008  61077.       0.0000       0.0000     
    6405 -0.14433E+008-0.12728E+009-0.14139E+008  58290.       0.0000       0.0000     
    6406 -0.14474E+008-0.12753E+009-0.14210E+008  55487.       0.0000       0.0000     
    6407 -0.14513E+008-0.12777E+009-0.14276E+008  52668.       0.0000       0.0000     
    6408 -0.14549E+008-0.12800E+009-0.14339E+008  49833.       0.0000       0.0000     
    6409 -0.14584E+008-0.12822E+009-0.14399E+008  46983.       0.0000       0.0000     